100
2 1
100 20
200 10
2 2
100 20
200 10
3 2
100 10
100 10
100 10
4 2
9 3
7 1
10 1
8 4
9 3
3418 394776
3715 327838
18309 64
3489 381092
3449 394457
3737 317435
3478 362687
11330 97
3682 331733
2 1
829992 806642
767439 812091
7 5
163912 355332
407238 143020
709003 82148
846484 68806
62051 938634
312878 186153
512136 113726
7 5
444341 224492
847207 117741
382698 260652
133999 744416
156376 637892
985526 101216
138251 721521
8 3
703487 677010
311281 706977
679432 26814
586370 390946
145749 552428
297586 691667
360819 934852
660976 694758
6 1
3570 308287
3376 358389
19049 96
3751 390590
17506 59
3839 332136
9 2
264650 68
235894 86
24432 2820
29840 2519
24502 2123
20529 2304
21509 2617
29046 2717
22544 2605
10 6
132867 161704
30996 693158
403522 53244
953496 22533
85608 250971
36482 588924
505818 42476
83657 256824
39368 545751
285418 75276
10 10
1000000 1000000
1000000 1000000
1000000 1000000
1000000 1000000
1000000 1000000
1000000 1000000
1000000 1000000
1000000 1000000
1000000 1000000
1000000 1000000
7 4
11284 292842
226083 14616
422994 7812
139128 23751
895752 3689
24024 137547
124124 26622
7 3
365533 250140
441597 207054
684246 133628
161965 564532
301999 302764
236585 386476
301999 302764
3 1
3097 379699
3021 336286
18490 12
3 2
353276 17442
8806 699732
139128 44289
6 2
471520 36560
966895 17829
31224 552100
318835 54068
51160 336958
59275 290827
3 2
3598 385923
3403 319508
12113 42
6 1
431336 49092
757810 167431
911302 476667
869839 260452
212839 805187
833482 898313
10 6
3734 366340
3713 305274
3768 394968
11374 95
18917 41
3191 336091
3023 383084
3044 340893
3429 397879
12905 80
10 7
152163 361930
122044 451250
65384 842291
457366 120412
64562 853015
79812 690026
795062 69268
310587 177317
212441 259236
132812 414664
2 2
10962 440572
40698 118668
3 2
650895 114413
916505 121352
730640 897103
5 2
607624 608738
684808 483322
572507 324665
549002 331897
659511 590512
9 6
889691 110892
623473 158242
105064 939043
512044 192678
275354 358301
638983 154401
188909 522260
315828 312384
458562 215150
7 3
930470 160344
167525 828970
289954 26720
188661 291265
172958 725124
772890 752018
858649 409149
9 2
27624 2278
271219 28
28900 2032
20021 2243
24021 2972
26097 2476
24552 2611
278919 41
27994 2152
3 2
20567 2638
267366 17
26011 2867
8 3
25290 2059
27093 2952
25813 2059
26432 2928
29553 2392
294967 80
25518 2091
203016 46
3 1
236174 828935
652408 870717
295931 890874
8 4
697658 845486
140604 559376
516101 887200
44977 799485
284023 750779
369167 397643
945769 30275
386930 739541
9 2
51944 395671
557695 36853
286689 71690
44675 460050
301373 68197
84668 242745
22061 931632
138559 148332
622829 32999
4 1
3879 368700
3417 338859
10756 87
3820 317902
7 1
578784 892399
743698 604904
849809 330190
541 869747
72510 932033
29770 866772
184167 22555
10 7
855993 673194
767103 650556
616267 810829
786794 129835
834725 757269
181053 519318
651189 406865
824616 874771
383492 807533
968566 221018
6 3
3601 364141
14167 38
3807 304220
14785 10
3384 331156
3311 336624
5 3
365889 164178
336016 178774
239565 250750
85251 704636
541604 110913
3 2
8316 951418
357588 22126
809991 9768
8 6
20479 2003
21106 2514
22084 2355
295003 23
216060 85
20141 2991
20180 2344
23849 2985
4 1
3025 387076
3178 311866
14363 49
3909 337105
7 4
69069 91512
14322 441324
545259 11592
268632 23529
108108 58466
29233 216216
328328 19251
8 2
3327 300842
17135 64
3149 302467
13338 6
3379 384749
3532 389936
3114 396982
3248 374599
2 1
22405 2971
203769 43
6 4
467976 42021
113832 172753
216783 90712
106981 183816
118881 165416
186354 105524
4 3
582084 20706
34017 354312
570836 21114
34713 347208
7 4
308826 17732
239382 22876
21204 258258
87978 62244
350493 15624
258258 21204
35948 152334
8 5
3812 358727
3757 355397
3903 365805
3622 379439
19591 31
3071 396234
12690 36
3805 343326
3 2
375619 29877
24290 462016
13294 844168
10 6
423522 15428
55062 118668
17112 381843
53592 121923
14674 445284
296856 22011
97092 67298
9207 709688
436392 14973
128898 50692
3 1
225660 92
29579 2512
22882 2434
5 1
3165 319595
15392 23
3870 382480
3262 312445
18113 29
6 4
863031 206111
324188 27280
334918 455637
547050 653190
992816 664619
726301 154344
5 1
15567 67
3527 359415
3743 350866
15855 94
3601 340637
2 1
3092 397444
16004 22
2 1
3807 388013
16345 80
2 1
284794 45
24110 2418
4 2
229278 35
25390 2395
29981 2207
25829 2905
4 1
917844 67425
320199 794065
627580 950286
216014 500272
7 4
504252 15334
10373 745416
10557 732424
90712 85239
565964 13662
29348 263466
580888 13311
9 4
44311 558424
465758 53127
68661 360384
142566 173564
50095 493948
173897 142293
33492 738813
119389 207258
403048 61393
3 2
20097 550056
22968 481299
805896 13717
7 5
3897 316213
3605 393482
10147 39
14537 46
3520 337277
3108 350583
3386 345878
1 1
1 1
7 4
302498 75924
604996 37962
480438 47804
35224 652023
49476 464202
23256 987567
61938 370804
9 5
20218 2164
206844 39
26416 2751
20472 2766
297081 23
28605 2853
24231 2060
20907 2733
21212 2286
6 2
327303 90006
107988 272801
441575 66714
732507 40217
576062 51139
80086 367845
5 3
90904 990223
583026 109339
625566 713390
231490 509791
543297 457031
9 6
165598 326900
198426 272817
130736 414071
726007 74564
182658 296368
417504 129661
171309 316002
280877 192732
143593 376996
3 1
429061 323791
49475 615289
153103 809224
7 4
602946 31668
94772 201474
99876 191178
44118 432796
224721 84968
92568 206271
29848 639711
6 1
21849 2989
233265 1
25472 2925
257961 7
21458 2914
29868 2727
4 3
145405 654095
137638 691006
325465 292224
995173 95570
8 5
14731 36
3690 339870
3436 358743
3879 399037
18338 64
3470 395368
3335 331589
3393 374001
4 1
21139 2095
287132 92
25874 2262
25801 2368
8 2
27631 2335
23717 2802
28627 2710
24348 2870
298512 39
214434 74
20886 2460
28415 2373
8 2
939908 336159
754719 708858
345315 502029
865005 762715
134158 727302
993249 70242
560377 292161
191292 777780
7 5
3120 360478
3178 341716
3583 386756
3784 311025
11858 29
3026 361059
16954 74
3 1
15958 85
3406 308059
3127 341231
4 3
5967 905464
63973 84456
426972 12654
18278 295596
3 1
956721 497611
82295 40210
580381 955861
9 6
27337 2948
255260 10
27321 2752
21893 2688
20087 2821
23613 2291
242049 29
24292 2016
26132 2371
10 5
161995 952312
104812 580610
14861 128365
647473 477956
569748 532047
213048 986013
182256 405724
95775 621919
968138 280052
95301 653345
3 1
95717 529663
643446 78791
171566 295500
8 5
3036 807534
986986 2484
5544 442221
89726 27324
24012 102102
442221 5544
8613 284648
19734 124236
8 5
252768 206340
460780 113191
296792 175733
115984 449684
401476 129911
545555 95602
60415 863298
951963 54788
8 3
13572 718721
185075 298558
970082 912387
997124 855222
36509 815589
959575 977852
782603 157264
47131 466072
3 1
98902 743949
449082 163841
890118 82661
7 3
206849 39
22629 2700
29993 2800
24996 2565
21430 2091
231320 84
28987 2667
2 2
640458 3828
142506 17204
3 1
257857 166822
106371 404398
223200 192725
4 1
738096 686656
777574 73457
927177 355610
304099 198393
2 1
20728 2263
287795 79
10 6
167655 383207
141892 452785
647980 99149
64570 994991
68336 940157
935448 68680
143005 449261
280863 228747
133752 480341
441712 145449
7 2
520645 176378
112046 819577
360964 254403
156515 586719
176357 520707
114297 803436
655112 140175
2 1
12822 39
3670 335451
9 5
298452 10062
13464 223041
6006 500004
731731 4104
32604 92106
368424 8151
916674 3276
147576 20349
293436 10234
6 4
167388 160146
66584 402597
93496 286713
66526 402948
133052 201474
131979 203112
7 3
25616 2376
259977 74
29068 2325
207060 12
21516 2255
27240 2967
23718 2758
10 4
24895 2425
22356 2775
22958 2672
228079 30
265521 40
21936 2601
21131 2049
20177 2256
218639 7
27949 2456
