100
4 2
5 2
6 2
1000 1000
1000 1
262282 217829
969086 799189
4 1
500000 2
472332 405862
924272 851666
500000 249105
986310 773798
500000 262143
832596 740280
1000000 475712
602801 550152
544822 418422
500000 249999
325667 266915
5 1
1000000 308260
578061 524438
1000000 262144
842236 635391
508880 466999
1000000 499999
340279 299029
3 1
999999 999999
500000 1
1000000 2
667270 634726
1000000 514291
500000 249998
500000 131071
500000 128
999999 2
3 2
1000000 127
1000000 1000000
967822 793279
999999 262144
1000000 1
919598 830042
999999 999998
834535 744798
520771 481615
500000 148309
883273 808935
1000000 262143
500000 250000
999999 499999
999999 1
999999 421146
867066 769659
676464 512304
902160 898119
519920 480897
924049 794608
999999 518883
1000000 524287
500000 237857
953095 873115
999999 127
999999 475711
999999 475712
500000 127
639936 606719
1000000 475713
500000 131072
532446 511986
469570 385147
500000 237856
1000000 499998
558996 457049
622918 508424
1000000 128
2 2
500000 499999
999999 262143
1000000 524288
905655 895486
2 1
999999 128
500000 500000
740294 611576
999999 524288
600248 492359
999999 524287
461390 447432
500000 262144
549515 480566
448065 414781
999999 499998
437114 396854
1000000 500000
999999 499997
1 1
1000000 999999
